ubuntu12
 0.043458
 0.091413
 0.141859
 0.193930
 0.246324
 0.298842
 0.352749
 0.407463
 0.460514
 0.515406
 0.572321
 0.628926
 0.684419
 0.740664
 0.800275
 0.852350
 0.911088
 0.965611
 1.037821
 1.083032
 1.141860
 1.192915
 1.263269
 1.315273
 1.371087
 1.429529
 1.497417
 1.545795
 1.617545
 1.671612
 1.726673
 1.873569
 1.930210
 1.910139
 1.976633
 2.022477
 2.080534
 2.142171
 2.197668
 2.263368
 2.328050
 2.392102
 2.441938
 2.500336
 2.689763
 2.750697
 2.813293
 2.896601
 2.935189
 2.873478
