win7
 0.109200
 0.249600
 0.374400
 0.655201
 0.764401
 0.951602
 1.216803
 1.497603
 1.435202
 1.684803
 1.934404
 2.152804
 2.386804
 2.917205
 2.636404
 2.932805
 3.057606
 3.510006
 3.993607
 4.071607
 4.414807
 4.492808
 4.492808
 5.085609
 5.272809
 5.241609
 5.304009
 5.444410
 5.865610
 5.881211
 6.349211
 6.177611
 6.864012
 6.739212
 7.488013
 7.363213
 7.410013
 7.800013
 8.221214
 8.002814
 9.235216
 8.954416
 9.453617
 9.984018
10.062017
11.247620
10.374018
11.684420
 9.921617
10.452018
